75
7 3 5 8 7 6 7 5 10 8 10 8 6 4 9 4 1 5 2 3 6 4 10 7 1 5 6 9 3 4 1 8 10 5 7 6 2 8 1 7 9 2 8 4 8 3 5 1 10 4 6 8 2 3 7 4 5 9 8 1 4 10 6 2 3 9 5 1 8 4 7 10 6 2 3


----------h1
102
7 3 5 8 6 7 10 3 1 2 6 7 8 10 9 4 7 2 3 5 10 1 8 6 7 9 1 2 10 5 3 9 4 8 1 2 10 5 6 7 3 8 9 1 4 7 10 6 5 3 1 9 4 7 2 8 10 3 1 9 5 6 7 2 10 1 5 4 8 2 3 9 10 1 8 4 6 5 7 2 9 3 1 4 8 10 5 6 7 2 1 8 3 9 4 5 10 2 7 4 8 10 


----------h2
151
10 1 2 3 4 5 6 7 8 9 10 1 2 3 4 5 6 7 8 9 10 1 2 3 4 5 6 7 8 9 10 1 2 3 4 5 6 7 8 9 10 1 2 3 4 5 6 7 8 9 10 1 2 3 4 5 6 7 8 9 10 1 2 3 4 5 6 7 8 9 10 1 2 3 4 5 6 7 8 9 10 1 2 3 4 5 6 7 8 9 10 1 2 3 4 5 6 7 8 9 10 1 2 3 4 5 6 7 8 9 10 1 2 3 4 5 6 7 8 9 10 1 2 3 4 5 6 7 8 9 10 1 2 3 4 5 6 7 8 9 10 1 2 3 4 5 6 7 8 9 10 


----------h3
139
7 10 10 8 8 6 1 7 10 1 7 8 9 10 7 8 7 2 7 5 1 10 1 7 9 2 8 7 1 5 10 1 9 1 2 1 7 1 8 1 3 5 4 6 7 1 10 1 2 1 9 1 8 5 7 1 2 1 2 10 1 5 1 2 8 1 2 9 1 3 1 2 1 4 1 5 8 10 2 6 7 1 5 9 2 1 8 5 4 10 2 3 1 5 7 6 8 9 1 2 4 5 10 7 8 2 6 1 3 9 5 4 2 8 7 10 10 1 8 10 10 2 8 5 6 10 7 9 3 8 8 4 10 10 8 8 2 2 1


----------h4
91
7 3 9 10 8 4 7 10 6 4 3 8 2 10 7 1 6 4 5 1 9 2 8 6 10 9 3 1 7 6 4 5 10 8 1 9 2 7 3 6 2 1 4 10 5 7 3 9 1 8 2 6 10 5 7 4 3 9 2 1 8 6 5 10 7 9 4 1 8 2 5 3 10 6 7 9 1 4 8 2 6 3 5 9 7 10 8 1 4 2 6 

----------h5
